2004.05712
2310.11703
2405.04735
2403.09171
2405.03697
1809.00394
2308.15930
1809.00130
2303.07351
2405.06767
2305.14322
2205.04260
2304.13712
1706.02677
2306.01116
1501.02876
1609.07028
2302.13971
1809.08887
2312.06397
1707.06990
2102.10768
2312.17510
2010.11934
2202.06491
2103.12317
2405.12511
2205.01086
2405.09593
1910.00765
2112.12142
2305.02437
2302.02463
2303.14259
2208.03299
2302.11848
2403.14403
1909.12385
2101.08358
2402.16567
1503.03578
2311.05232
2405.08213
1909.07606
2306.00355
1707.01476
1906.03420
1807.08484
2205.11660
2107.06499
1809.01341
2405.06674
2307.06380
2405.04674
1408.5093
1801.02940
2311.01840
2201.07520
1906.08986
2405.11706
1506.04214
2302.14115
1810.04805
2112.06217
1806.09029
2001.08361
2111.08566
2405.07526
2311.00502
2310.14021
2003.06875
2002.09091
1412.3555
1802.06257
1808.03196
2308.03671
2405.06211
2405.06725
2005.08025
1211.5590
1708.00363
2208.10099
2010.01891
2004.10898
1906.02243
2012.11490
1508.03846
2303.14898
2303.08774
0907.2951
1511.04854
1212.5701
2310.06201
1905.04278
2208.06956
1706.04972
2305.14485
2405.14359
1805.02408
1511.05950
2405.07509
2310.06122
1702.05800
1602.04283
2312.10997
2402.01763
2010.11465
2402.07812
2004.11980
1712.01550
1510.00726
1610.06264
1808.07209
1911.04942
2405.05601
2111.00364
2303.07909
1604.06174
2108.02390
2303.03378
1805.00754
2205.06983
0806.4627
2404.02461
2405.08315
1911.03082
2005.11401
2305.13172
1803.06643
2004.08532
2401.17482
2305.11162
2302.05965
2201.01209
2106.00874
1412.7449
2205.02832
2109.07958
0512060
2306.01388
2310.00896
1807.05358
2011.00235
1807.08709
2403.01079
2403.00030
2308.15363
1803.00055
1806.01445
2405.05714
2405.12096
2301.07507
2310.10383
2205.10128
2312.16033
1902.10580
1911.11184
2212.04902
1906.04928
1603.09320
2110.08959
2303.13547
1803.06443
2312.11925
2211.03390
