1503.03578
2011.00235
1712.01550
1610.06264
1708.00363
2108.02390
1807.08709
1707.01476
2112.06217
1805.02408
1806.01445
2012.11490
2102.10768
2101.08358
1809.01341
2010.11465
2004.11980
1511.04854
1909.07606
1803.06643
1911.03082
0806.4627
1609.07028
1906.03420
2106.00874
2004.08532
2205.10128
2005.08025
1911.04942
2304.13712
2010.01891
2208.10099
1809.08887
2201.01209
2308.15363
2303.08774
2303.03378
1810.04805
2205.06983
2302.05965
2301.07507
2010.11934
2303.13547
1211.5590
1702.05800
1604.06174
1706.02677
1408.5093
1807.05358
1808.03196
1602.04283
1803.00055
1706.04972
1707.06990
1803.06443
1412.7449
1906.04928
1806.09029
1510.00726
1906.08986
1501.02876
1905.04278
1212.5701
1511.05950
2303.08774
2201.07520
2111.08566
1412.3555
2311.05232
2208.03299
2107.06499
2310.10383
2310.11703
2109.07958
1603.09320
2001.08361
2302.02463
2205.04260
2306.01116
2305.14322
1506.04214
2308.15930
1906.02243
2302.13971
2312.06397
2205.01086
2111.00364
2305.02437
2302.14115
2303.07909
2205.02832
2305.13172
